-10 -10
-9,9 -10
-9,8 -10
-9,7 -10
-9,6 -10
-9,5 -10
-9,4 -10
-9,3 -10
-9,2 -10
-9,1 -10
-9 -10
-8,9 -10
-8,8 -10
-8,7 -10
-8,6 -10
-8,5 -10
-8,4 -10
-8,3 -10
-8,2 -10
-8,1 -10
-8 -10
-7,9 -10
-7,8 -10
-7,7 -10
-7,6 -10
-7,5 -10
-7,4 -10
-7,3 -10
-7,2 -10
-7,1 -10
-7 -10
gap
-6,9 5,98387e+16
-6,8 4,46867e+16
-6,7 3,32274e+16
-6,6 2,45968e+16
-6,5 1,81245e+16
-6,4 1,32923e+16
-6,3 9,70088e+15
-6,2 7,04423e+15
-6,1 5,08858e+15
-6 3,65616e+15
-5,9 2,6124e+15
-5,8 1,85592e+15
-5,7 1,31068e+15
-5,6 9,19942e+14
-5,5 6,41584e+14
-5,4 4,44504e+14
-5,3 3,05856e+14
-5,2 2,08962e+14
-5,1 1,41711e+14
-5 9,53674e+13
gap
-4,9 0,0899763
-4,8 0,0966253
-4,7 0,0987872
-4,6 0,0964802
-4,5 0,0894877
-4,4 0,0771886
-4,3 0,0576933
-4,2 0,0185792
-4,1 0,0522455
-4 0,0749662
-3,9 0,0897833
-3,8 0,0991127
-3,7 0,103605
-3,6 0,103409
-3,5 0,098418
-3,4 0,0882247
-3,3 0,0716909
-3,2 0,0444739
-3,1 0,0377659
-3 0,069068
gap
-2,9 -10
-2,8 -10
-2,7 -10
-2,6 -10
-2,5 -10
-2,4 -10
-2,3 -10
-2,2 -10
-2,1 -10
-2 -10
-1,9 -10
-1,8 -9,99999
-1,7 -9,99998
-1,6 -9,99992
-1,5 -9,9997
-1,4 -9,9988
-1,3 -9,99474
-1,2 -9,97392
-1,1 -9,85136
-1 -9
-0,9 -1,77474
-0,8 76,7362
-0,7 1 243,25
-0,6 27 341,1
-0,5 1,04857e+06
-0,4 9,09495e+07
-0,3 2,86797e+10
-0,2 9,53674e+13
-0,1 1e+20
gap
0,1 1e+20
0,2 9,53674e+13
0,3 2,86797e+10
0,4 9,09495e+07
0,5 1,04857e+06
0,6 27 341,1
0,7 1 243,25
0,8 76,7362
0,9 -1,77474
1 -9
1,1 -9,85136
1,2 -9,97392
1,3 -9,99474
1,4 -9,9988
1,5 -9,9997
1,6 -9,99992
1,7 -9,99998
1,8 -9,99999
1,9 -10
2 -10
2,1 -10
2,2 -10
2,3 -10
2,4 -10
2,5 -10
2,6 -10
2,7 -10
2,8 -10
2,9 -10
3 -10
3,1 -10
3,2 -10
3,3 -10
3,4 -10
3,5 -10
3,6 -10
3,7 -10
3,8 -10
3,9 -10
4 -10
4,1 -10
4,2 -10
4,3 -10
4,4 -10
4,5 -10
4,6 -10
4,7 -10
4,8 -10
4,9 -10
5 -10
5,1 -10
5,2 -10
5,3 -10
5,4 -10
5,5 -10
5,6 -10
5,7 -10
5,8 -10
5,9 -10
6 -10
6,1 -10
6,2 -10
6,3 -10
6,4 -10
6,5 -10
6,6 -10
6,7 -10
6,8 -10
6,9 -10
7 -10
7,1 -10
7,2 -10
7,3 -10
7,4 -10
7,5 -10
7,6 -10
7,7 -10
7,8 -10
7,9 -10
8 -10
8,1 -10
8,2 -10
8,3 -10
8,4 -10
8,5 -10
8,6 -10
8,7 -10
8,8 -10
8,9 -10
9 -10
9,1 -10
9,2 -10
9,3 -10
9,4 -10
9,5 -10
9,6 -10
9,7 -10
9,8 -10
9,9 -10
10 -10
